Ver nr	Kontonr	Kredit	Debet	Datum		Text
1	2081	300000		20030101	Insättning aktiekapital
	2330		300000

2	2330		499450	20030101	Insättning checkräkningskredit
	2350	500000
	8490		   550

3	2330	 60000		20030101	Lokalhyra 1.a kv 2003
	2641		 12000
	5010		 48000

4	2330	  3750		20030101	Kontraktsavgift checkräkningskredit
	8440		  3750

5	1910		 10000	20030101	Insättning handkassa
	2330	  10000

6	1910	   1750		20030101	Kaffebryggare
	2641		   350	20030101	
	7690		  1400

7	2440	   6250		20030104	AML Konsult
	2641		  1250
	6992		  5000

8	1910	   1562		20030105	Förbandslåda
	2641		   312
	7620		  1250

9	1910	   3125		20030105	Städutrustning
	2641		   625
	5090		  2500

10	1910	   250		20030106	Porto
	2641		    50
	6200		   200

11	2440	  8750		20030106	Telefoninstallation
	2641		  1750
	6200		  7000

12	2440	  2250		20030106	Arbetskläder
	2641		   450
	7384		  1800

13	1210		300000	20030107	Arbetsmaskiner
	2440    375000
	2641		 75000

14	2440	   589		20030107	Stämplar
	2641		   118
	6110		   471

15	2440	  2750		20030108	Textilier
	2641		   550
	5090   		  2200

16	1220	 20890		20030108	Möbler
	2440		 26112
	2641		  5222

17	1210		  4995	20030109	Fax & Telefoner
	2440	 12275
	2641		  2455
	6200		  4825

18	2440	 87500		20030112	Råmaterial - Metalla AB
	2641		 17500
	4010		 70000

19	2440	  2875		20030114	Kontorsmateriel
	2641		   575
	6110		  2300

20	2440	 24000		20030114	Företagsförsäkring
	6310		 24000

21	2440	 13750		20030114	Råmaterial - SOR AB
	2641		  2750
	4010		 11000

22	2440	  7500		20030117	Broschyr
	2641		  1500
	5900		  6000

23	2330	  3000		20030117	Material - Jensens
	4010		  3000

24	1919	   150		20030119	Fikabröd
	2641		    30
	7690		   120

25	2440	  1200		20030121	Företagshälsovård
	7620		  1200

26	2440	  1500		20030121	Material -Jensens
	4010		  1500

27	1409	 30000		20030124	Kundfodran - Backa Lantmanna
	1409	  2400		20030124	Kundfodran - Backa Lantmanna
	1510		101250
	2611	 20250 
	3041	 75000
	3051	  6000
	4010		 30000
	4010		  2400

28	2330	 28000		20030125	Löner Januari
	2710	 12000
	2920	  2880
	2920	  1200
	2990       720
	2941	  6700,80
	2941	  2792
        2941      1675,20
	7010		 24000
	7082		  2880
	7082		  1200
	7082		   720
	7221		 10000
	7231		  6000
	7510		  6700,80
	7510		  2792
	7510		  1675,20

29	2440	   400		20030125	Ettiketter
	2641		    80
	5900		   320

30	1910	    40		20030126	Fikabröd
	2641		     8
	7690		    32

31	2440	 57500		20030126	Råmaterial - Metalla AB
	2641		 11500
	4010		 46000

32	1409	 12000		20030127	Järnhandlaren
	1409	  1600
	1510		 42500			Kundfodran - Järnhandlarn
	2611	  8500
	3041	 30000
	3051	  4000
	4010		 12000
	4010		  1600

33	2440	 10625		20030128	Kontorsmateriel
	2641		  2125
	6110		  8500

34	1919	   150		20030128	Porto
	2641		    30
	6200		   120

35	2330	  6250		20030131	Betalning - AML Konsult
	2440		  6250

36	1409		   300	20030131	Moms & Tull Jensen
	1910	  1125
	2641		   825

37	2440	  	  2900	20030201	Porto reklamutskick
	2440	  3625
	2641		   725

38	1910		  6000	20030202	Insättning handkassa
	2330	  6000

39	1910	   325		20030202	Fikabröd
	2641		    65
	7690		   260

40	2440	  4968		20030204	AMF Försäkring
	7570		  4968

41	2330	386589		20030204	Betalning leverantörsfakturor
	2440		386589

42	2440	166250		20030207	Råmaterial - SOR AB
	2641		 33250
	4010		133000

43	2330	131512		20030209	Betalning leverantörsfakturor
	2440		131512

44	2440	  3500		20030209	Material Pippi International A/S
	2615	   875
	2645		   875
	4056		  3500
	
45	1910	  2452		20030211	Resereäkning Bengt
	2641		   116
	5830		   964
	7321		   540
	7331		   832

46	2330	 46450		20030211	Betalning leverantörer
	2440		 46450

47	1409		   300	20030211	Moms & Tull Jensen (ver 26)
	1910	   750
	2641		   450

48	2330	 23168		20030211	Skatt & arbetsgivaravgifter
	2710		 12000
	2941		 11168

49	2330	  1525		20030221	Betalning Jensen & kursdifferens
	2440		  1500
	7960		    25

50	1510	101250		20030223	Kundinbetalning - Backa Lantmanna Fakt 1
	2330		101250

51	2330	 28000		20030225	Lön - Februari
	2710	 12000
	2920	  2880
	2920	  1200
	2920	   720
	2941	  6700,80
	2941	  2792
	2941	  1675,20
	7010	 	 24000
	7082		  2880
	7082		  1200
	7082		   720
	7221		 10000
	7231		  6000
	7510		  6700,80
	7510		  2792
	7510		  1675,20

52	2330	 77118		20030228	Betalning leverantörer
	2440		 77118

53	1409	 60000		20030228	Kundfakturor 3-6
	1409	 14400
	1510		232500
	2611	 46500
	3041	150000
	3051	 36000
	4010		 60000
	4010		 14400

54	1650	 	 96411	20030228	Momsredovisning januari-februari
	2611	 	 72250
	2615		   875
	2641	171661
	2645	   875

55	1510	142500		20030301	Kundbetalning faktura 2-3
	2330		142500

56	2440	  4075		20030301	Telefon
	2641		   815
	6200		  3260

57	2440	  1350		20030303	Tidningsprenumeration
	2641		   270
	6970		  1080

58	1409	  4000		20030304	Kreditfaktura SOR AB
	2440		  5000
	2641	  1000

59	2330	164659		20030307	Betalning leverantörsfakturor
	2440		164750
	3960	    91

60	1910	  1982		20030308	Reseräkning - Bengt
	2641		    70
	5830		   580
	6071		   270
	7321		   360
	7331		   702

61	1409	 48000		20030309	Kundfakturor 7-8
	1409	 12000
	1510		187500
	2611	 37500
	3041	120000
	3051	 30000
	4010	 	 48000
	4010	 	 12000

62	1613	  2000		20030311	Löneförskott - Patrik
	1910		  2000

63	1409		   800	20030311	Kundkreditfaktura
	1510	  2500
	2611		   500
	3051		  2000
	4010	   800

64	2440	150000		20030311	Råmaterial - Metalla AB
	2641		 30000
	4010		120000

65	2330	23168		20030311	Skatter & Arbetsgivaravgifter
	2710		 12000
	2941		 11168 

66	1650	96411		20030321	Momsåterbetalning
	1920		 96411

67	1409	 36000		20030323	Kundfakturor 10-11
	1409	  5600
	1510		130000
	2611	 26000
	3041	 90000
	3051	 14000
	4010		 36000
	4010		  5600

68	1409	   800		20030324	Kundfaktura 12
	1510		  2500
	2611	   500
	3990	  2000
	4010		   800

69	1613	  2000		20030325	Lön - mars
	2330	 26840
	2710	 12360
	2920	  3024
	2920	  1200
	2920	   720
	2941	  7035,84
	2941	  2792
	2941	  1675,20
	7010		 25200
	7082		  3024
	7082		  1200
	7082		   720
	7221		 10000
	7231		  6000
	7510		  7035,84
	7510		  2792
	7510		  1675,20

70	2330	 21250		20030331	Banklån - ränta & amortering
	2350		  6250
	8400		 15000

71	1510	 90000		20030331	Kundinbetalning faktura 4-5
	1920		 90000

72	2330	 60000		20030331	Lokalhyra 2:a kvartalet 2003
	2641		 12000	
	5010		 48000

73	1710		 24000	20030331	Förutbetalda lostnader
	1790		 18000
	5010	 24000
	6310	 18000

74	1219	 15249		20030331	Avskrivningar
	1229	  1044
	7831		 15249
	7832		  1044

75	2941	  4060		20030331	Soc avgifter på semesterlöneskuld
	7510		  4060

76	1910		  1000	20030331	Extra inlägg med flera rader med samma ktonr
	6110	   250
	6110	   200
	6110        50
	6110	   500

77	1910	  1000		20030331	Ändring av kassa
	6110		  1000



